hours
2013[47, 51, 47, 22, 4, 17, 17, 19, 3, 11, 70, 6, 13, 39, 33, 13, 0, 18, 73, 39, 18, 39, 45, 49]
2014[589, 728, 675, 694, 729, 533, 386, 368, 291, 279, 274, 231, 219, 257, 315, 346, 352, 349, 344, 318, 426, 489, 551, 624]
2015[1025, 909, 813, 651, 539, 450, 520, 518, 452, 509, 499, 381, 393, 265, 244, 182, 214, 190, 232, 208, 200, 279, 560, 955]
2016[1616, 1834, 1964, 2052, 2055, 1975, 1584, 784, 717, 731, 540, 312, 280, 366, 463, 430, 318, 340, 407, 347, 494, 594, 982, 1395]
2017[365, 290, 197, 169, 105, 50, 73, 128, 245, 334, 362, 279, 301, 464, 730, 768, 657, 606, 499, 447, 453, 478, 624, 588]
2018[173, 165, 95, 57, 20, 16, 95, 328, 495, 690, 662, 647, 639, 661, 841, 890, 819, 710, 654, 437, 313, 332, 324, 326]
TOTL[3815, 3977, 3791, 3645, 3452, 3041, 2675, 2145, 2203, 2554, 2407, 1856, 1845, 2052, 2626, 2629, 2360, 2213, 2209, 1796, 1904, 2211, 3086, 3937]
days of the month
2013[56, 25, 78, 13, 2, 15, 46, 12, 15, 6, 62, 47, 17, 28, 7, 42, 11, 81, 14, 35, 2, 1, 6, 12, 5, 11, 0, 4, 14, 15, 11]
2014[268, 383, 424, 575, 323, 357, 415, 207, 251, 371, 287, 551, 684, 237, 611, 305, 357, 117, 183, 318, 205, 277, 335, 202, 306, 213, 222, 256, 661, 225, 241]
2015[368, 67, 202, 240, 302, 364, 200, 269, 256, 194, 119, 101, 215, 259, 320, 316, 294, 321, 382, 509, 458, 484, 442, 587, 564, 745, 913, 495, 466, 513, 223]
2016[808, 901, 761, 983, 914, 680, 736, 854, 731, 784, 784, 630, 637, 757, 855, 571, 669, 819, 750, 763, 702, 391, 677, 729, 709, 763, 572, 955, 727, 569, 399]
2017[355, 231, 163, 182, 258, 203, 221, 392, 314, 334, 480, 351, 348, 321, 287, 205, 284, 218, 355, 265, 324, 194, 386, 246, 293, 392, 497, 168, 379, 381, 185]
2018[220, 444, 220, 555, 469, 335, 396, 251, 447, 280, 316, 440, 235, 217, 391, 420, 360, 463, 190, 355, 270, 333, 662, 380, 379, 85, 246, 242, 206, 371, 211]
TOTL[2075, 2051, 1848, 2548, 2268, 1954, 2014, 1985, 2014, 1969, 2048, 2120, 2136, 1819, 2471, 1859, 1975, 2019, 1874, 2245, 1961, 1680, 2508, 2156, 2256, 2209, 2450, 2120, 2453, 2074, 1270]
months
2013[0, 0, 0, 1, 205, 0, 0, 0, 132, 161, 158, 36]
2014[0, 0, 337, 230, 1163, 2119, 2478, 1833, 629, 780, 124, 674]
2015[123, 12, 0, 63, 0, 1680, 1722, 917, 1244, 583, 1606, 3238]
2016[4457, 4651, 3512, 3507, 3861, 1792, 225, 0, 0, 133, 240, 202]
2017[484, 92, 131, 42, 188, 846, 436, 1038, 1500, 1530, 1644, 1281]
2018[833, 944, 2180, 2094, 1714, 1901, 723, 0, 0, 0, 0, 0]
TOTL[5897, 5699, 6160, 5937, 7131, 8338, 5584, 3788, 3505, 3187, 3772, 5431]
2013
Apr	  0,  0,  0,  0,  0,  0,  0,  1,  0,  0,  0,  0,  0,  0,  0,  0,  0,  0,  0,  0,  0,  0,  0,  0,  0,  0,  0,  0,  0,  0		1|
May	  0,  0,  0,  0,  0,  0,  0, 10, 15,  6, 62, 21,  0, 28,  0,  0,  0, 62,  0,  0,  0,  1,  0,  0,  0,  0,  0,  0,  0,  0,  0	5|1|1|1|
Sep	  0, 15,  0,  1,  0,  0, 46,  0,  0,  0,  0,  4,  0,  0,  5, 38, 10,  0,  0,  0,  0,  0,  0,  0,  2,  0,  0,  0, 10,  1		1|1|1|1|3|1|
Oct	 55,  0,  0,  0,  0,  0,  0,  1,  0,  0,  0,  0, 15,  0,  2,  4,  0,  1,  0, 35,  2,  0,  0,  0,  2, 11,  0,  4,  4, 14, 11	3|1|1|2|1|2|2|
Nov	  1,  5, 78, 12,  2, 15,  0,  0,  0,  0,  0, 22,  2,  0,  0,  0,  0,  2,  0,  0,  0,  0,  6, 12,  1,  0,  0,  0,  0,  0		10|2|1|3|
Dec	  0,  5,  0,  0,  0,  0,  0,  0,  0,  0,  0,  0,  0,  0,  0,  0,  1, 16, 14,  0,  0,  0,  0,  0,  0,  0,  0,  0,  0,  0,  0	1|3|
2014
Mar	  0,  0,  6, 93, 61,  0,  0,  0, 99, 36,  0,  0,  0,  0,  0,  0,  0,  0,  0,  0,  0,  0,  0,  0,  0,  7,  2, 19,  1,  1, 12	3|2|
Apr	 26,  1, 29, 24,  0,  2,  3,  0, 10,  0,  2,  8, 29, 36,  5,  7, 20, 27,  1,  0,  0,  0,  0,  0,  0,  0,  0,  0,  0,  0		10|2|1|9|
May	  0,  2,  2,  0,  2, 17, 20, 75,  0,  0,  8, 52, 25, 50,134,  0,  0, 53, 16, 72,131, 71,  5,  0, 58, 43,  0, 25, 14, 61,227	2|4|5|6|2|
Jun	191, 83,201, 75, 67, 21,288, 61, 17, 14,157, 55, 10,  0,  0, 47, 19, 27,  1, 53, 56, 15, 47, 58, 79,  0,  0,132,344,  1		17|10|
Jul	  1,  0,  0,152,101,107, 73, 24, 66, 59, 46,  2, 29, 57,359, 75,148,  1, 93, 37,  0,188,177, 96, 79,139,120, 20,171, 58,  0	4|17|9|
Aug	 13,236,175,119, 22, 68, 13, 24,  9,220, 20,  3, 16, 37, 52, 30,109,  3, 31,107, 13,  3, 94, 48, 83, 18, 41, 48,111, 67,  0	30|
Sep	 13, 30,  9,  0, 41, 81, 10, 23, 50,  9,  8, 79,125, 19, 23, 42,  3,  0,  0, 44,  0,  0,  4,  0,  0,  0, 16,  0,  0,  0		3|13|1|1|1|
Oct	  0,  2,  1, 48,  0,  0,  0,  0,  0,  3,  4,310,412,  0,  0,  0,  0,  0,  0,  0,  0,  0,  0,  0,  0,  0,  0,  0,  0,  0,  0	3|4|
Nov	  0,  0,  0,  0,  0,  0,  0,  0,  0,  0,  0,  0,  0,  0,  0,  0, 56,  2, 13,  0,  0,  0,  3,  0,  0,  0,  0,  0, 13, 37		3|1|
Dec	 24, 29,  1, 64, 29, 61,  8,  0,  0, 30, 42, 42, 38, 38, 38,104,  2,  4, 28,  5,  5,  0,  5,  0,  7,  6, 43, 12,  7,  0,  2	9|12|1|5|
2015
Jan	  0,  0,  6, 26, 15, 30, 21, 19,  1,  5,  0,  0,  0,  0,  0,  0,  0,  0,  0,  0,  0,  0,  0,  0,  0,  0,  0,  0,  0,  0,  0	1|8|
Feb	  0,  9,  0,  0,  2,  1,  0,  0,  0,  0,  0,  0,  0,  0,  0,  0,  0,  0,  0,  0,  0,  0,  0,  0,  0,  0,  0,  0			1|2|
Apr	  0,  0,  0,  0,  0,  0,  0,  0, 25, 37,  0,  0,  0,  0,  0,  1,  0,  0,  0,  0,  0,  0,  0,  0,  0,  0,  0,  0,  0,  0		2|1|
Jun	  0,  0,  0,  0,  0,  0,  0,  0,  0,  0,  0,  0,  0,  0,  0,  0, 10,  0, 34, 93,135,160,115,185, 80,134,223,222,180,109		1|
Jul	 55,  7,  0,  0, 15,134, 47, 29, 16,  1, 32,  0,  3,131, 76, 40, 37,118, 75, 98, 32, 76,137, 97, 75,114,100, 13, 54, 70, 40	14|7|
Aug	 32, 12,  1,  4, 69, 25,  0, 98, 36,  8,  4,  6,  9,  4, 33,138, 69, 18,  2,  2,  0,  0, 30, 22, 38, 98,119, 11,  6, 16,  7	25|13|
Sep	 76, 15, 13,  0,  2, 30,  2,  1,  1,  9, 62, 78,109,  6, 55,  4,  0, 85, 32,121,  2, 10, 60, 26,108,129,107, 22,  8, 71		12|12|
Oct	104,  0,  0,  0,  0,  0,  0,  0,  0,  0,  0,  0,  0,  0,  0,  0,  0,  0,  0,  0,  0,  0,  0, 43, 85, 60, 92, 71, 73, 45, 10	14|
Nov	 77,  0, 53, 75, 94,106, 23, 56, 31,110, 15,  0, 34, 24, 76, 59, 72, 18, 81, 50, 86, 80, 27, 94, 41, 72, 64,  7, 37, 44		9|9|
Dec	 24, 24,129,135,105, 38,107, 66,146, 24,  6, 17, 60, 94, 80, 74,106, 82,158,145,203,158, 73,120,137,138,208,149,108,158,166
2016
Jan	171,190,188,199,100,  5, 33, 93, 68,188,174,154, 66,219,158, 59,103,160,149,126,153,194, 78, 80,216,233,214,184,151,197,154
Feb	179,167,158,223,147,171,226,179,188,187,140, 88,  0,  5,254,217,163,248,185,180,231, 24,181,186,137,102, 84,266,135		92|
Mar	123,102, 38,135,132,200,105,107, 43,146,133,122,130,148,145,133,105,130,160,164,102,  7,161,110, 66,148, 20,109,101, 88, 99
Apr	110, 96,102,135,139, 49,113,162,130, 25,121,106,110,132,135,101,127,143,102,147, 36,113,125,181,134,112,139,137,117,128
May	179,149,133,141,116,123,122,136,125,107,131,126,112,158,149, 51,169, 97,126,126,172, 12,120,145,133,102, 80,234,174, 25, 88
Jun	  0,114,114,130,266,115,120,128,107, 93, 15,  9,212, 95,  3, 10,  1, 40, 17, 20,  6, 34,  3, 23,  5, 59, 19,  0,  7, 27		108|26|
Jul	 44, 52, 25,  5, 14,  0, 11, 49, 25,  0,  0,  0,  0,  0,  0,  0,  0,  0,  0,  0,  0,  0,  0,  0,  0,  0,  0,  0,  0,  0,  0	7|3|
Oct	  0,  0,  0,  0,  0,  0,  0,  0,  0,  0,  0,  0,  0,  0,  0,  0,  0,  0,  0,  0,  2,  0,  0,  1, 18,  7, 16,  6, 39, 14, 30	1|
Nov	  2, 24,  3,  4,  0, 17,  6,  0, 21, 19, 70, 22,  7,  0, 11,  0,  0,  1,  4,  0,  0,  0,  9,  3,  0,  0,  0, 16,  0,  1		12|2|5|1|2|2|1|
Dec	  0,  7,  0, 11,  0,  0,  0,  0, 24, 19,  0,  3,  0,  0,  0,  0,  1,  0,  7,  0,  0,  7,  0,  0,  0,  0,  0,  3,  3, 89, 28	1|1|1|2|1|1|1|1|
2017
Jan	 11,  6,  0,  0,  2,  0, 23, 16, 28, 32,109,  7, 12,  0,  2,  8,  0,  0,  7,  0,  7,  0, 28, 57, 58, 26,  0, 22,  3,  1, 19	6|1|7|2|1|1|4|
Feb	 28, 14,  0,  3, 14, 29,  0,  0,  0,  0,  0,  0,  0,  4,  0,  0,  0,  0,  0,  0,  0,  0,  0,  0,  0,  0,  0,  0			6|3|1|
Mar	  0,  6,  7, 14, 30,  0,  0,  0,  0,  6,  3,  0, 12,  0,  0,  0,  0,  0,  4,  0,  0,  0, 12,  0,  0,  0,  0,  0, 30,  7,  0	4|2|1|1|1|2|
Apr	  0, 16,  0,  0,  0,  0,  3,  0,  5,  0,  0,  0,  0,  0,  0,  0,  0,  0,  0,  0,  0,  0,  0,  0,  0,  0,  0,  0,  0, 18		1|1|1|
May	  0,  7,  2,  0,  0,  0,  2,  0, 24,  0,  0,  0,  0, 55,  0,  0,  0,  0,  0,  0,  0,  0,  0,  0, 35,  0,  0,  9,  1, 34, 19	1|2|1|1|1|1|
Jun	 48,  0, 26, 30, 18, 31, 62, 62,  0,  0, 62, 20,  0,  5,  7,  5,  0, 64, 28, 65, 24,  3,  0,  0,  0, 65, 26,  0,144, 51		5|6|2|3|5|2|
Jul	 43,  6,  9,  0,  0,  9, 15,  0, 22,  5, 24, 13, 47, 34, 16, 30, 41, 11,  7,  0,  6,  2,  0,  1, 17,  0, 41,  0,  0, 30,  7	5|2|11|2|2|1|
Aug	 51, 57,  0,  0, 92, 95, 14, 54,  0,102,  6, 12, 52,  0,120,  0,  0, 11, 57, 46,  0,  0, 29,  0, 52, 53, 80,  0,  0,  0, 55	4|4|4|1|3|1|3|
Sep	 30,  7,  7,  3,  0,  5,  1,115, 94,105,144,  0, 59, 17, 54, 41, 95, 54,151, 26, 22, 40,124,150, 22, 19, 71,  4, 23, 17		5|6|
Oct	 41, 64, 25, 19, 29,  7,  3, 51,120, 20, 38, 15, 18, 47, 51, 92, 94, 49, 57,117, 86, 42, 80, 12, 18, 22, 23, 83, 70, 59, 78
Nov	 37, 48, 57,100, 61, 13, 37, 78,  4, 27,  2,106, 64, 90, 28, 18, 22, 20, 25,  8,155, 21,108, 26,  9,166,151, 19, 43,101
Dec	 66,  0, 30, 13, 12, 14, 61, 16, 17, 37, 92,178, 84, 69,  9, 11, 32,  9, 19,  3, 24, 86,  5,  0, 82, 41,105, 31, 65, 63,  7	80|21|
2018
Jan	  3, 24, 21, 50, 37, 49, 75,  1, 22,  8, 39, 52,  3, 15, 66, 39, 15, 32,  0,  3,  3,  5, 65, 54, 50,  8, 65,  7,  4,  0, 18	25|10|
Feb	 24,  8, 23,  5, 60, 13,  8, 20,  7,  0, 30, 25, 29, 19, 30,106, 40, 44, 57, 83, 59, 38,103, 24, 49,  8, 24,  8			10|
Mar	  8, 54,  7, 93,119, 20,113, 32, 83,  0, 29,115, 76, 53,100, 71, 61, 81, 12,161, 65,148,199,127, 82,  8,  1, 31, 50,117, 64	27|
Apr	 46,210, 11,171, 41, 83, 53,116,140, 98, 33, 23, 55, 15,103,  9, 20, 81,  0, 25, 11, 57,151, 80, 38, 29,101,100,111, 83		39|
May	 91, 11, 70, 40,119, 39, 41,  8,  3,  0, 58, 65, 11, 94, 20,112, 76, 76, 30,  0,117, 63, 88, 80,126, 32,  2, 29, 18, 66,129	20|9|
Jun	 34, 44, 44,156, 92,106, 46, 25, 78, 23, 85, 90, 41, 21, 72, 83,148,149, 91, 83, 15, 22, 56, 15, 34,  0, 53, 67, 23,105		36|
Jul	 14, 93, 44, 40,  1, 25, 60, 49,114,151, 42, 70, 20,  0,  0,  0,  0,  0,  0,  0,  0,  0,  0,  0,  0,  0,  0,  0,  0,  0,  0	17|
2013
3
0,0,0,0,0,0,0,1,0,0,0,0,0,0,0,0,0,0,0,0,0,0,0,0,0,0,0,0,0,0
4
0,0,0,0,0,0,0,10,15,6,62,21,0,28,0,0,0,62,0,0,0,1,0,0,0,0,0,0,0,0,0
8
0,15,0,1,0,0,46,0,0,0,0,4,0,0,5,38,10,0,0,0,0,0,0,0,2,0,0,0,10,1
9
55,0,0,0,0,0,0,1,0,0,0,0,15,0,2,4,0,1,0,35,2,0,0,0,2,11,0,4,4,14,11
10
1,5,78,12,2,15,0,0,0,0,0,22,2,0,0,0,0,2,0,0,0,0,6,12,1,0,0,0,0,0
11
0,5,0,0,0,0,0,0,0,0,0,0,0,0,0,0,1,16,14,0,0,0,0,0,0,0,0,0,0,0,0
2014
2
0,0,6,93,61,0,0,0,99,36,0,0,0,0,0,0,0,0,0,0,0,0,0,0,0,7,2,19,1,1,12
3
26,1,29,24,0,2,3,0,10,0,2,8,29,36,5,7,20,27,1,0,0,0,0,0,0,0,0,0,0,0
4
0,2,2,0,2,17,20,75,0,0,8,52,25,50,134,0,0,53,16,72,131,71,5,0,58,43,0,25,14,61,227
5
191,83,201,75,67,21,288,61,17,14,157,55,10,0,0,47,19,27,1,53,56,15,47,58,79,0,0,132,344,1
6
1,0,0,152,101,107,73,24,66,59,46,2,29,57,359,75,148,1,93,37,0,188,177,96,79,139,120,20,171,58,0
7
13,236,175,119,22,68,13,24,9,220,20,3,16,37,52,30,109,3,31,107,13,3,94,48,83,18,41,48,111,67,0
8
13,30,9,0,41,81,10,23,50,9,8,79,125,19,23,42,3,0,0,44,0,0,4,0,0,0,16,0,0,0
9
0,2,1,48,0,0,0,0,0,3,4,310,412,0,0,0,0,0,0,0,0,0,0,0,0,0,0,0,0,0,0
10
0,0,0,0,0,0,0,0,0,0,0,0,0,0,0,0,56,2,13,0,0,0,3,0,0,0,0,0,13,37
11
24,29,1,64,29,61,8,0,0,30,42,42,38,38,38,104,2,4,28,5,5,0,5,0,7,6,43,12,7,0,2
2015
0
0,0,6,26,15,30,21,19,1,5,0,0,0,0,0,0,0,0,0,0,0,0,0,0,0,0,0,0,0,0,0
1
0,9,0,0,2,1,0,0,0,0,0,0,0,0,0,0,0,0,0,0,0,0,0,0,0,0,0,0
3
0,0,0,0,0,0,0,0,25,37,0,0,0,0,0,1,0,0,0,0,0,0,0,0,0,0,0,0,0,0
5
0,0,0,0,0,0,0,0,0,0,0,0,0,0,0,0,10,0,34,93,135,160,115,185,80,134,223,222,180,109
6
55,7,0,0,15,134,47,29,16,1,32,0,3,131,76,40,37,118,75,98,32,76,137,97,75,114,100,13,54,70,40
7
32,12,1,4,69,25,0,98,36,8,4,6,9,4,33,138,69,18,2,2,0,0,30,22,38,98,119,11,6,16,7
8
76,15,13,0,2,30,2,1,1,9,62,78,109,6,55,4,0,85,32,121,2,10,60,26,108,129,107,22,8,71
9
104,0,0,0,0,0,0,0,0,0,0,0,0,0,0,0,0,0,0,0,0,0,0,43,85,60,92,71,73,45,10
10
77,0,53,75,94,106,23,56,31,110,15,0,34,24,76,59,72,18,81,50,86,80,27,94,41,72,64,7,37,44
11
24,24,129,135,105,38,107,66,146,24,6,17,60,94,80,74,106,82,158,145,203,158,73,120,137,138,208,149,108,158,166
2016
0
171,190,188,199,100,5,33,93,68,188,174,154,66,219,158,59,103,160,149,126,153,194,78,80,216,233,214,184,151,197,154
1
179,167,158,223,147,171,226,179,188,187,140,88,0,5,254,217,163,248,185,180,231,24,181,186,137,102,84,266,135
2
123,102,38,135,132,200,105,107,43,146,133,122,130,148,145,133,105,130,160,164,102,7,161,110,66,148,20,109,101,88,99
3
110,96,102,135,139,49,113,162,130,25,121,106,110,132,135,101,127,143,102,147,36,113,125,181,134,112,139,137,117,128
4
179,149,133,141,116,123,122,136,125,107,131,126,112,158,149,51,169,97,126,126,172,12,120,145,133,102,80,234,174,25,88
5
0,114,114,130,266,115,120,128,107,93,15,9,212,95,3,10,1,40,17,20,6,34,3,23,5,59,19,0,7,27
6
44,52,25,5,14,0,11,49,25,0,0,0,0,0,0,0,0,0,0,0,0,0,0,0,0,0,0,0,0,0,0
9
0,0,0,0,0,0,0,0,0,0,0,0,0,0,0,0,0,0,0,0,2,0,0,1,18,7,16,6,39,14,30
10
2,24,3,4,0,17,6,0,21,19,70,22,7,0,11,0,0,1,4,0,0,0,9,3,0,0,0,16,0,1
11
0,7,0,11,0,0,0,0,24,19,0,3,0,0,0,0,1,0,7,0,0,7,0,0,0,0,0,3,3,89,28
2017
0
11,6,0,0,2,0,23,16,28,32,109,7,12,0,2,8,0,0,7,0,7,0,28,57,58,26,0,22,3,1,19
1
28,14,0,3,14,29,0,0,0,0,0,0,0,4,0,0,0,0,0,0,0,0,0,0,0,0,0,0
2
0,6,7,14,30,0,0,0,0,6,3,0,12,0,0,0,0,0,4,0,0,0,12,0,0,0,0,0,30,7,0
3
0,16,0,0,0,0,3,0,5,0,0,0,0,0,0,0,0,0,0,0,0,0,0,0,0,0,0,0,0,18
4
0,7,2,0,0,0,2,0,24,0,0,0,0,55,0,0,0,0,0,0,0,0,0,0,35,0,0,9,1,34,19
5
48,0,26,30,18,31,62,62,0,0,62,20,0,5,7,5,0,64,28,65,24,3,0,0,0,65,26,0,144,51
6
43,6,9,0,0,9,15,0,22,5,24,13,47,34,16,30,41,11,7,0,6,2,0,1,17,0,41,0,0,30,7
7
51,57,0,0,92,95,14,54,0,102,6,12,52,0,120,0,0,11,57,46,0,0,29,0,52,53,80,0,0,0,55
8
30,7,7,3,0,5,1,115,94,105,144,0,59,17,54,41,95,54,151,26,22,40,124,150,22,19,71,4,23,17
9
41,64,25,19,29,7,3,51,120,20,38,15,18,47,51,92,94,49,57,117,86,42,80,12,18,22,23,83,70,59,78
10
37,48,57,100,61,13,37,78,4,27,2,106,64,90,28,18,22,20,25,8,155,21,108,26,9,166,151,19,43,101
11
66,0,30,13,12,14,61,16,17,37,92,178,84,69,9,11,32,9,19,3,24,86,5,0,82,41,105,31,65,63,7
2018
0
3,24,21,50,37,49,75,1,22,8,39,52,3,15,66,39,15,32,0,3,3,5,65,54,50,8,65,7,4,0,18
1
24,8,23,5,60,13,8,20,7,0,30,25,29,19,30,106,40,44,57,83,59,38,103,24,49,8,24,8
2
8,54,7,93,119,20,113,32,83,0,29,115,76,53,100,71,61,81,12,161,65,148,199,127,82,8,1,31,50,117,64
3
46,210,11,171,41,83,53,116,140,98,33,23,55,15,103,9,20,81,0,25,11,57,151,80,38,29,101,100,111,83
4
91,11,70,40,119,39,41,8,3,0,58,65,11,94,20,112,76,76,30,0,117,63,88,80,126,32,2,29,18,66,129
5
34,44,44,156,92,106,46,25,78,23,85,90,41,21,72,83,148,149,91,83,15,22,56,15,34,0,53,67,23,105
6
14,93,44,40,1,25,60,49,114,151,42,70,20,0,0,0,0,0,0,0,0,0,0,0,0,0,0,0,0,0,0
