  18    6 
   1   24 
  24    0 
   1    4   23    8 
  18    2   23    5 
   4   13    9   28    1 
  28   25 
  16   14   21   20   28 
  25    1   20 
  13   21    2 
  17    8    6   13 
  28   15    3 
   9   20   20    5    7 
  12    0 
  26    3 
  13   15 
  10   28 
  11    0   22 
  18   28   25    3    1 
  21   15   21 
  21   17    3 
   9    2   19    3 
  14   10 
  17   10    1   17 
   6   19   29   17 
   4    6 
   9   27    9   17 
   4   13 
  28    8    3    0   26 
  16    9   15 
  24    8    8    7    5 
  20    6    2   11    7 
   3    9   19 
  18   19   27    8 
  10    6   27    8 
   7   25 
   7   18    0 
  14    6    7 
  13    7   12    6 
   7   29 
  18   15 
   5   23    2   15   21 
   5   25   15 
  26    4    7    2   22 
  16    1    0    8   21 
  28   18   16    1   22 
   4   26 
  14    3   21   29 
   2   13    2   29   17 
  14   22   24    6 
   0    6   18   12 
  14   15 
   8   12   17 
  23    8   19 
   8   20    3 
  28    7    7   22   11 
  24   22   23 
  12   28 
  25   20    8 
  12   19   12 
  12   13 
   6   29 
  13    7   11    9    6 
  16   29   11    4    9 
   9   28   12 
  14    8    3   20 
  20   21    4 
  12    8    2    0 
  18   21   29   13 
  19   29   19    4    2 
  14   16   28   21 
   0   19    0   14 
  22    7   25   10    3 
   9    3   22    1    9 
  28   20 
   9    7 
  13   24   11   23 
  24   13   17   19 
  28    0    9 
  27   22    2   29    2 
  15    3   17   19 
   9   12   22    7   20 
  29    9 
   1   11 
  29   12 
  16   23   21 
   1   27    3 
   1    1   26 
  28   22   17   11 
  16   12   21   13 
  27   14   25 
  17   15   12 
   6   21 
  24   14    8 
   3    1 
   6   18 
   9   21   19   15 
  16    1   19   20 
   2   12 
   5    7 
  24    0    9    1   29 
   1   29   22   29    8 
   3   14   16 
  15   26 
   3    3    6   20 
   7   18 
   3    0    2   23 
   8   18 
   1   19   15 
  13   28    5   10   10 
  12   10 
  13   21    2   24   29 
   1   29   11 
  24    9    4   27 
  21   13    1 
   4    4   25   28 
  20   13   13 
  22    5   10 
  26   15 
   0   22 
  15    3 
   3    4    6   18 
  25   21    8    4 
   1   24   14 
  14    4   15 
  13   10   16   14   20 
  20    6 
  22    5    2   13   24 
   2   24    9   22 
   9    6   25 
  13    1   14    2 
   1    6 
  18   14   24   14 
  16   22    8 
  10    1   14 
  14    3    6 
   7   13 
   1    5    7 
  22    4   14   16   22 
  16   24   19   15 
  23    5   18    9    8 
  24   18    8   14 
  18   16   17 
  12    0   24 
  14   17    7   11 
  15    7    6   16   29 
  27   11 
  29   25    2   11 
  12   12 
  28    5    5    4 
  13   29 
  28    6   22   16 
   0    6 
  25    5   10    5 
   0   10   16   18 
  23    1   13 
  19   12    4 
   1   11   20 
   2   15   29 
  13   25   11 
   6   24    3 
   4   28 
   5   15   13 
  17   10   25 
   2   29 
  22   13   14 
  27    4    5   14   26 
  28   21 
  10   23   13   28   24 
  26   19   20 
  16   23 
  23   21    7   14 
  20   27    3   25   10 
  11   13   15   27 
  25   19    2 
  18    4   17 
   9   28   10   25    8 
  27    3    2   20    2 
  28   17   29   17   17 
   3   25   17   16   23 
  20    9   22   18   26 
  18   15   16 
  11   27 
   1    1   24 
   2   14    5 
  24   23 
   9   16   24   10 
   4   11    5    5   18 
   0   11 
   0   25 
   2   14    2    8 
  24    6    3   11 
  20    5   26 
   9   19   28 
  16    1   18 
  17    5 
  15   20   17    8 
  27   14 
   3   16 
  25    5    7   14   10 
  10    0 
   9   11 
  21   15    3 
   1   16   11   17   25 
  20   13   18    9    2 
  26   22   13   17 
  16    8   28   28 
   6   25    5 
  27    7   21 
  21    2    4 
   4    9   21    5   29 
   9   24    5    2 
  16   27    0    6 
   3    1    9   10 
  18    0   13 
   8    0   29 
  18   11    3   28   15 
   2   18 
  13   25 
  23   12   19    1 
  10    5    2   13   25 
  14   24   27 
   4   15   29 
   9   18   29    7 
  10   22    6 
   0   21    2 
  25   22   27   27   25 
  26   28   25    5    8 
  13    0   22   13    0 
  22   13 
  24    7 
   2    5    0 
  13   19   15 
  13    6    3   15 
  23   10   28    2    4 
   1    8 
  25    9 
   7   12 
   4   16   14   10    3 
  21   15   15   10 
  11   24   22 
  26    7    9   18   25 
  22    8 
  15   21 
   6   27 
  29   28    5 
  20   12   25 
  13   13 
  23   20    8    9 
  20   28   19 
   2   22   23    8   17 
   1    5   16    3    0 
  25    8   19 
  27   27   26   28 
   1    7 
   4    1   12   14 
  20   17    1   14   11 
   6    8    4 
  11    7   10 
   3    7    6   24    2 
  22   25   19   21 
  25   28 
  24   19   14 
  28    0   25 
  23   28    7   18   19 
   3   22   24 
  29    6    3   15   29 
   6   13   10 
  16   25    3   21 
  20    5 
  20   18 
  24   18   26   10 
   3   26   21   29 
   3   25   19   11    4 
  19    5   18   19 
  25    6   23   17 
   6   16 
  19   18    3 
  26   15   18    8    8 
  10    4 
   1   23    9 
  22    5   17 
   5    8   21   25   14 
   8    9    2 
  14   21   23   12 
   3   10   11 
  24   22   27 
   7   19    3   23    7 
   1    2    7    6    5 
   4   23    9 
  19    6    4    0 
  15    0   23   10 
   8    8   11   11   27 
  18   26 
  14   12   23 
   7    9   24   17 
  12   23   10 
  19   18   11 
   4   25    2 
  29   27    3   19 
  28   20   27   16 
   4   22    1    6    8 
  25    6   26   21 
  25    5 
   7   12    9   17 
   9   18   13    0    2 
  22   28    1    7    4 
  17   15   19    9 
  15   25    1   20 
   3    5   26    5 
  24   23   29 
  24    4    8   12   24 
  21   19    3 
   8   19    7   12   18 
  13   26 
   8   14 
  24    2   22   12 
  13    8    1 
   3   10    2   13 
   7   13    6   10 
  12    8   22   23 
  24    2   17   19 
  11    8   17   11    0 
  14   23   27   29 
  25   29    4   16 
  26   19   18 
  20   24   24   11    2 
  27   20    2 
   2   12   29    1    2 
   5   27   23   21 
  20   25    6    2 
  12   16    1   24   27 
   7    8    5   15   18 
  14    3   19    3 
  29    7   23   24    4 
  11   19   15   25 
  13   22   23   27 
  25   26    1 
   5   19   13    1 
  20   13    2 
   4   20 
   4   23    0 
  15   10   10   27 
   0   24 
  16   12 
  12   13   18    3   28 
   4   19 
  27   28   12   13 
  21   13   24   29   12 
   5   23    0    6 
   4   29 
  12    0 
  16   12 
  24    4   11 
  28    8 
  17   13   14   10 
  13   13   10   10   12 
  19    0    9 
   5    3   28 
  11   22   18    0 
   4    9   26   13 
   4   19   17   28   16 
  21    2 
  17    9 
   9   24   29   19   19 
  26    3   12    3   28 
  28   25    1 
  12   14   20 
  16    3    7   16   28 
  16    1   17   23   11 
   2   14   11    8 
   9   14   28 
  11    4    9 
  13    4    5   20 
  24   20   27   27 
  17   20   19 
   2    8   28   26   28 
   7    1   20   18   24 
   6   23   15    2   13 
   5    3 
   1    3   19 
  24    8 
  28    4   27    1   14 
  27   22    9   13 
   9   27   10 
   6    4   13    1 
  10    0 
  17   18   24 
   1   23   19   12   14 
   1    2    5 
  27   16   15    7   18 
  19    6   12   29 
  22    6    2    7   20 
  13   27 
  16   19 
  13   20   15   22   27 
  26   21   29    7 
   6   27   22   14 
   2   14   28    7 
   9    1    7   11   20 
   0   28    7    3 
   6    0   22   13 
  29   17    3   25   14 
  17    4   12   13   17 
   2   22 
  19   10   28   14 
  12   29    9   24 
   5   25 
  16    5    5 
   4   25 
  21   13    1   28   17 
  22   15   10   18 
   1   14    7 
  18   15 
  27   29 
   1    7 
  13    4 
   0    5    4   26   24 
  23   26    4   15   20 
   5   24 
   1   18 
   9   22 
  25    7   18 
   8   24    7   27 
  10    0 
   2   14   10   16 
  27    0   19 
   8   19 
  26   29   20 
   9    4   28 
   8    7    4 
  27   24   15   14 
  20   14   11   26 
   9   27   20    5    2 
  23   13   28    6 
  23    9 
   6   21 
  17   25   10   21 
  23   22   27   11 
  14   10    3    6 
  10   27    3   21 
  17   10   13    2 
   8   11   27   25 
  10    3    3   22   19 
  14    4   18 
   8   28   25   15 
  14   26   17 
  27   15   13   27 
   2   18    0   12   10 
  12    3   21 
  28   12 
   5   26    2   24   23 
   1   25   28    4   23 
  13   27   19   12   26 
   7    9   16 
  21    3   24 
   9   24 
   7   14 
   4   19 
   0    8    2 
   8   15    5   29 
  28    8    2 
  14   16 
  16   10 
  17   28   27 
  20   28 
   8   24   25    9 
  15    8   28   20    1 
   3   22   17   10   17 
   5    5   22   10   25 
  29    7   22   29 
  25    3   25   28 
  15   12   18 
  20    1   28   22 
   3   17   20 
   9    6    7    3   27 
  13   14 
  25   18    0 
  16   12 
  15   19    4 
   5   29   10   24    0 
  11   27   13   20   13 
  18    8   23   10   16 
   3   25 
  24    3   15 
  22   20 
  11   25   28 
   9   10   24 
   9    2   22   20 
   6    2 
  22   18 
  14    5 
   3   11    9    8   14 
  28   26   28   22 
   6   15 
  21   17   23    7    9 
   4   13    0   26    7 
  18   17 
  11   19    1   27   10 
   0   17   19 
  18    4   26   22 
  15   10    8   15   13 
  26   13 
  11    6   13    5    1 
  28   26    3 
  23   14   20   29   11 
  17   26   21 
  12   22    2   25   23 
  28   19   19    0 
  21   25   13 
  20   22   26   29 
  28    3 
  13    0   26 
  22    8 
  24    2   15   26 
  11   21 
  19   22   18 
  13   27   12 
  26    6   23 
  12    8   12    2    6 
  23    7 
  28   29   29 
  20    4    5   10 
  21   21 
  22    7   13 
   7   26    6 
  23   13 
  15   20    7 
  12   28    1   16   25 
   1   24 
  27   27    3   21 
  19   29   27 
  12   19   26 
   8   13   15 
  23   12   25   11   11 
   6   19   18   17   25 
   3   25    9   21 
  14   19   28 
   4   26   14   25 
  15   12   23 
  29    1 
  21   19   19 
  25   23    2    1   16 
  25    1   17   12   17 
  10    0 
  21    4   27 
  26   14 
   0   28 
  27   23   28 
  14   24   11   18 
  25   17   27 
   6   25 
  10   16   18 
   4    5   18 
  20   18   21    4 
  11   10   23   24   16 
  23   13    8 
  26   22 
   5   17 
  11   26 
  18   11   29   29 
  18   29   10   21   26 
  27   25 
  27    3    4    9 
   5    2   19   11    2 
  18   17   21 
  29   17    9   19   10 
  21   14   10   21 
  19   15   19   18 
  24   22 
   8   21   19    4   11 
  24   18    1 
   4   25   27   23 
  11   25    9    8 
  21    1   28   15   29 
  17   14   15   14 
  14   20 
   8   10   26   16   23 
  27   11    0   26 
  21    5 
  18   22   26   12 
  14    3   11    5    0 
   1    6   28   23   29 
  19   22   23   15 
  24    6   27    3 
   0    9 
   4   14    7   21 
  12   11   14   22    3 
  29    9    6   27   21 
  15   19    9 
  25   20   18   17    4 
   2   23   26    0   21 
  19    4 
   0   15   20    0   20 
   4   13    8    8 
  11   21   28   25   25 
   6    9 
   0    6    1   29 
   9   21    0    9 
  15   14   14 
   8    3   28 
  21   28 
  22   12   20    6   29 
  24   14   28   22 
   5   27    0 
   8   19 
  24   28   19 
  11   21   18    9 
  21   19   25   18    0 
  26   11    7    5 
  10    4   13   24   17 
  21   22   17   23 
   3   12   25 
  24    0    0   13 
  22   15    5 
   5    8    4   22   10 
  28   12    5 
  12   25    5   16 
   0   20   13   18   27 
  10    3    3 
  11   27    9 
   0   28    5   27   28 
   2   16   19   17   29 
  10   28   16   18 
  11   20 
  13   16   28   28 
  21   23    7   15    6 
  18    3    0   28   22 
  27   10 
  28    4 
  19    9   14    5   12 
   7   13 
  19   23 
  29    2    1   27   19 
  29   26   18   27    6 
   3   10   13 
   3   19   17 
  22   10 
  14    2   23    7    3 
  20   10 
   2   28 
  18   15   15 
  24   12 
   7   29    5    7 
  28   26 
  21   24    1 
  28   18    8   20    0 
   3   24   16 
   4   17 
  28    6   12   29   17 
   5   19   19   18   28 
  19   21 
   3    2    6   11 
   5   22   12 
  22    5    3    1    6 
   8   26   28   23    3 
  16   12 
  24   17   19   11   14 
   3   11    8   27   17 
   1    9   11   25 
   2   14   10 
  23   18   19   29   19 
  28   16   16    8    4 
  29    5    2    2   19 
   0   16    8    1 
  26   18 
   3   17 
  20   28    9    1    3 
   0    0   11 
  16   28   10   26    4 
  20   13   27    3   21 
   2    5    2   14   15 
  25   14 
  21    1    4 
  13   20 
  17   29   12   24 
  14   20   18   10   11 
  14    9 
   9   10 
  14   23   23   20    9 
  16   22    5   13   24 
   2   16   17 
  13    7 
   7   12 
   0    9   14 
   0    0   23 
  15   21 
  24   24 
   6    8    1    7 
   8   17   11   12 
  16   23 
  25   24    9 
  28   28   18 
  14   14 
  29    4 
  11    0   12 
  24    9 
  29   15   26 
  25   26   10   26 
  25   12   23 
  20   26 
  13   21   14 
   2   26   24 
   0   10   26 
  29    3   13   23 
  25    2    4 
  29    9    9   19 
  17    5 
   9    6   16 
  27    8   10   24    5 
  22    3    1   17   15 
  23    2   22 
  15   22 
  21    1 
   3   22 
  18   25    0   19 
  19   21   10   14 
   6    1   16   19 
  20   27   14 
   8    1   29    5   15 
   3   19   27 
  29   25   23 
   2    5 
  23   14   22 
  29   20   22   28    3 
  15    9   17 
   4   17 
   4   26   24    0 
  18   17   20   24   15 
   5   25 
  18   19   22   27 
  17   23   13   18 
   2   26   26    8 
   4   25   22 
   3    4 
   3   16   17 
  14   14    3 
  20   20 
  25    7   11    2 
  22    3 
  28   14 
   2   21   16   23   21 
  14    7    2   12 
   3   20    5    1 
  23   23   21   23   11 
  28   17   21 
  29    7    4 
   1   23   16   16   22 
   2   25   14   21 
  18   18 
  29   11   17   14 
  22   19 
  23   15   25    2 
   5   13    4    7   18 
  19   21   10 
  28    6 
   3    8   10    3   23 
   0   20   10 
   8   18 
   7   10   13    1   23 
   3   22   21   20   13 
  13   26   22 
  23   22 
  14   26 
   5   17 
  16    6 
   5   19   29    3 
  26   14   22   20 
  26    1   19   28 
  26   10    5    7 
  25   17 
  26   21    6   28   27 
  23   18 
  18   27   10    1    1 
  14    7    1 
   6    5 
  25    2   21 
  16   12   25   17    2 
  19    3   17   16   13 
   5   29 
  13   12    6 
   7   16   25   28 
   4   20   13 
  16    3   29   20   25 
  20    5   24   26 
  20   24 
   8   18 
  28   26   28   13 
  24   23 
   9    9 
   3   25   25    4 
  16   23   18   21 
  19   16   25   20 
   8   13 
   6   16   11   14 
  19    2 
  18   27   29 
  27    5 
  10   28   20   28 
  12   24   19   16 
   6   12    6 
  27   22    7   17    8 
   3   22    8    7   18 
  17   28 
  14   19   18 
  26   21   20    3 
  18    0 
  26   17    8   29   13 
  29   28    9   27    1 
  20   21   20    1   14 
  22   25   20 
  15    9   11 
  11    6 
  16   29    0 
  19   12 
  12   17    3   21   29 
   3    2   26 
   0    1 
  29   17 
  14   17    5 
  24    0    0   19 
  12   18    8    7 
   5   14 
  23    1   14   21    2 
  22   12   29   22 
  11    6    0    7   22 
  10   11    2 
  22   15   13 
  23   28 
  21    8   16 
  11   14    5    7 
  16    8   11 
   3    0   23    2 
  28   16   25   22   20 
  17    6   13   19   29 
   9    1 
  23   14   22 
  29   21   26 
   3   14    1 
   8   16    1 
  12   18 
   1   23 
  27   12    9   16   28 
  14   18   10 
   1    3 
  13   28   26   16 
  26   20   22   19    8 
  19   14    4   24 
  15   25   17 
  14   10   11 
  24   28 
   1   15 
  21   13   26   19   17 
   0   26   20   27    1 
  23   17   10    1   17 
  27    0 
   4    2   27   28   14 
  27   25   14 
   5    2 
  15    5   17   18 
   9   22 
  29   24 
  15    9    9   12   11 
  11    2 
   6   29   22 
  27   14    2   16   18 
  13   15   12   12 
  24    1   26   17 
   4   16    2   19   25 
   9   26    9   23 
  20   19   25 
   6   27   17   26 
   5   22   14   22   23 
  14   18 
  16   11   26 
  14   17   24 
  22   19 
  22   27 
  27   24    5 
   4   23   29 
   7    5   24 
   0    1    3 
  29   14   18   25    2 
  25   11   11   28    3 
  26    1    9 
  24   27   28   14 
   9   10   16   22   25 
  26    0 
  19   10   10   11   22 
   7    0 
  15   12   29    9 
  27   29   10   22   21 
  15   16   25   13    3 
  15    4   22 
  18    5    2   19   22 
  29   21   13    8   22 
  13   15 
  29    4   14 
  21   12    4 
   9   17    9   18 
  13   21 
   6   22    0   18 
  27    5   19 
  22   13   29   27   21 
  12    0   14   24 
  19   12 
   2    4   22 
   0   14    0 
   5   22   13   22    5 
   2   24 
  26    8   16 
   1   29   25    8   22 
  11   29 
  22    5   13   23 
   4    9 
  11   29   11 
  23   27 
   8    3   15   12 
  11   24   25   11   18 
  26   13    2   26   12 
   3   19   12   14 
  16   10   28 
  18   10 
   1    6 
  17   12   28   27   15 
  19    6   23 
  23   19   24   22 
   3   16 
   6   29   28   14 
  25   23   16   11 
  12   15   20   29 
   2   14   21 
  21   21    1    2 
  16    5    0   12 
  15   16 
   1   17   11 
  14    9   25 
  16   29   24   18 
  20    4   22    4 
  10   29   27    9    4 
  21   16   23   17 
  26   15   19 
  28   12 
  23    4   27 
   3   22   22   23 
   3    9 
  23   23   27   24 
  24   22    9 
   3    5   23    8 
   9   12   28 
   5   19 
  16   23 
  23   11    2   20 
   8    7 
  24    7   17 
   7    6   18    8   13 
  25   18   18    1 
   9    0   20    7    8 
  18    4    8   28 
   3   29    8    4   10 
  15    9    4    7    7 
  14   11   24    3   23 
   9   18   26   19   11 
  20   23    4 
  23   28 
   8   20   13   23 
  27   18   24 
  26   17    0 
   2    4    9 
  17    9 
  23    9    3   25 
   0   16    6    4    8 
   0   10    1 
  27   20    7   14   11 
  18    1   17 
   0   20    3    1    7 
  22    2   27    6   27 
   7    7   10 
  11   29   11   28   27 
   4   12   17 
  16   14   15   20 
   1   28 
   5    9    6   20 
  25   11   26   24 
  24   14 
   5   18   24 
   9   15 
   7   25 
  22   14 
   8   22   28    1   14 
   3    8   12   21 
   9   14   21   16 
  20    0   10    0 
  13    6    3   15 
   2    4    7   11   29 
   3   15   24   16    4 
  10   21 
   6   10   14 
  27   22    3    6   21 
  18   28    3 
